8	1	-1280	-1024	-1.000	-1.000	-1.000	-1.000	4	-1280	-1024	-1.000	-1.000	-1.000	-1.000	4
28	2	-1280	-1024	-1.000	-1.000	-1.000	-1.000	4	-1280	-1024	-1.000	-1.000	-1.000	-1.000	4
48	3	-1280	-1024	-1.000	-1.000	-1.000	-1.000	4	-1280	-1024	-1.000	-1.000	-1.000	-1.000	4
68	4	-1280	-1024	-1.000	-1.000	-1.000	-1.000	4	-1280	-1024	-1.000	-1.000	-1.000	-1.000	4
88	5	-1280	-1024	-1.000	-1.000	-1.000	-1.000	4	-1280	-1024	-1.000	-1.000	-1.000	-1.000	4
108	6	-1280	-1024	-1.000	-1.000	-1.000	-1.000	4	-1280	-1024	-1.000	-1.000	-1.000	-1.000	4
128	7	-1280	-1024	0.428	0.573	-1.000	-1.000	4	-1280	-1024	0.428	0.573	-1.000	-1.000	4
148	8	-1280	-1024	0.631	0.589	-1.000	-1.000	4	-1280	-1024	0.428	0.573	-1.000	-1.000	4
168	9	702	347	0.632	0.589	836.744	3.424	0	700	406	0.428	0.573	834.768	3.802	0
188	10	-1280	-1024	0.428	0.573	-1.000	-1.000	4	858	1145	0.428	0.573	834.768	11.112	0
207	11	-1280	-1024	0.430	0.573	-1.000	-1.000	4	895	1091	0.430	0.573	834.768	11.311	0
227	12	-1280	-1024	-1.000	-1.000	-1.000	-1.000	4	-1280	-1024	-1.000	-1.000	-1.000	-1.000	4
247	13	-1280	-1024	0.430	0.573	-1.000	-1.000	4	879	1076	0.430	0.573	834.768	11.308	0
267	14	-1280	-1024	0.633	0.590	-1.000	-1.000	4	871	1068	0.429	0.573	837.022	11.337	0
287	15	-1280	-1024	0.430	0.573	-1.000	-1.000	4	908	1105	0.430	0.573	837.022	11.261	0
307	16	-1280	-1024	-1.000	-1.000	-1.000	-1.000	4	-1280	-1024	-1.000	-1.000	-1.000	-1.000	4
327	17	-1280	-1024	-1.000	-1.000	-1.000	-1.000	4	-1280	-1024	-1.000	-1.000	-1.000	-1.000	4
347	18	-1280	-1024	-1.000	-1.000	-1.000	-1.000	4	-1280	-1024	-1.000	-1.000	-1.000	-1.000	4
367	19	-1280	-1024	0.637	0.592	-1.000	-1.000	4	-1280	-1024	0.433	0.576	-1.000	-1.000	4
387	20	-1280	-1024	-1.000	-1.000	-1.000	-1.000	4	-1280	-1024	-1.000	-1.000	-1.000	-1.000	4
407	21	453	592	0.638	0.593	829.880	3.430	0	400	564	0.434	0.576	828.613	3.467	0
427	22	471	626	0.638	0.593	829.880	3.414	0	396	667	0.434	0.576	828.613	3.829	0
447	23	-1280	-1024	-1.000	-1.000	-1.000	-1.000	4	-1280	-1024	-1.000	-1.000	-1.000	-1.000	4
467	24	-1280	-1024	0.638	0.593	-1.000	-1.000	4	-1280	-1024	0.435	0.576	-1.000	-1.000	4
487	25	471	677	0.638	0.593	828.973	3.546	0	412	658	0.435	0.576	831.216	3.437	0
507	26	484	622	0.638	0.593	828.973	3.308	0	452	641	0.434	0.576	831.216	3.397	0
526	27	449	527	0.638	0.593	828.973	3.111	0	419	627	0.434	0.576	831.216	3.346	0
546	28	469	545	0.638	0.593	828.973	3.193	0	422	642	0.435	0.576	831.216	3.364	0
566	29	452	562	0.639	0.593	829.641	3.092	0	425	637	0.435	0.576	832.501	3.342	0
586	30	464	643	0.639	0.593	829.641	3.363	0	418	714	0.436	0.576	832.501	3.457	0
606	31	327	622	0.638	0.593	829.641	3.138	0	311	681	0.436	0.576	832.501	3.277	0
626	32	262	774	0.639	0.593	829.641	3.551	0	438	885	0.436	0.576	832.501	4.042	0
646	33	308	617	0.639	0.593	829.641	3.132	0	264	641	0.436	0.576	832.501	3.005	0
666	34	279	660	0.640	0.593	835.645	3.291	0	290	698	0.437	0.576	830.184	3.160	0
686	35	309	588	0.640	0.593	835.645	3.205	0	293	590	0.437	0.576	830.184	3.205	0
706	36	283	631	0.639	0.593	835.645	3.058	0	350	719	0.436	0.576	830.184	3.381	0
726	37	360	707	0.639	0.593	835.645	3.056	0	375	744	0.436	0.576	830.184	3.292	0
746	38	327	625	0.639	0.594	835.645	3.197	0	357	708	0.437	0.576	830.184	3.350	0
766	39	368	649	0.641	0.594	834.607	3.119	0	368	713	0.437	0.577	829.725	3.308	0
786	40	-1280	-1024	0.438	0.577	-1.000	-1.000	4	321	735	0.438	0.577	829.725	3.241	0
806	41	371	517	0.640	0.594	834.607	2.653	0	333	622	0.437	0.577	829.725	3.047	0
826	42	215	489	0.640	0.594	834.607	3.187	0	326	668	0.437	0.577	829.725	3.200	0
845	43	320	505	0.640	0.593	834.607	3.015	0	368	647	0.437	0.576	829.725	3.255	0
865	44	255	504	0.641	0.592	825.699	2.813	0	377	668	0.438	0.574	831.832	3.205	0
885	45	386	304	0.641	0.591	825.699	3.016	0	325	279	0.438	0.574	831.832	3.133	0
905	46	404	234	0.640	0.591	825.699	2.817	0	404	179	0.437	0.574	831.832	3.325	0
925	47	390	246	0.640	0.591	825.699	2.921	0	383	159	0.437	0.574	831.832	3.236	0
945	48	407	197	0.640	0.591	825.699	2.757	0	324	307	0.437	0.574	831.832	3.108	0
965	49	403	183	0.641	0.591	828.183	2.779	0	294	264	0.438	0.574	825.813	3.156	0
985	50	411	277	0.641	0.591	828.183	2.762	0	300	351	0.438	0.573	825.813	3.045	0
1005	51	379	305	0.640	0.591	828.183	3.023	0	357	261	0.437	0.574	825.813	3.251	0
1025	52	413	281	0.640	0.591	828.183	2.906	0	332	386	0.437	0.574	825.813	3.172	0
1045	53	337	261	0.640	0.591	828.183	3.069	0	304	230	0.437	0.574	825.813	3.009	0
1065	54	335	273	0.641	0.591	825.464	3.036	0	278	255	0.438	0.574	828.642	3.100	0
1085	55	423	317	0.641	0.591	825.464	3.098	0	335	271	0.438	0.574	828.642	3.132	0
1105	56	383	235	0.641	0.591	825.464	2.988	0	358	214	0.437	0.573	828.642	3.106	0
1125	57	337	221	0.641	0.591	825.464	2.911	0	234	233	0.438	0.573	828.642	2.903	0
1145	58	342	148	0.640	0.591	825.464	3.002	0	268	175	0.437	0.573	828.642	3.013	0
1164	59	347	119	0.641	0.591	823.838	2.975	0	301	185	0.438	0.573	823.792	2.922	0
1184	60	379	137	0.641	0.591	823.838	2.955	0	250	206	0.438	0.573	823.792	2.959	0
1204	61	410	131	0.641	0.591	823.838	2.777	0	264	182	0.437	0.573	823.792	3.036	0
1224	62	338	183	0.640	0.591	823.838	2.676	0	240	195	0.437	0.573	823.792	3.024	0
1244	63	344	122	0.640	0.591	823.838	2.982	0	213	202	0.437	0.573	823.792	3.003	0
1264	64	351	135	0.641	0.591	824.542	2.872	0	190	199	0.438	0.573	820.767	3.031	0
1284	65	-1280	-1024	-1.000	-1.000	-1.000	-1.000	4	-1280	-1024	-1.000	-1.000	-1.000	-1.000	4
1304	66	-1280	-1024	-1.000	-1.000	-1.000	-1.000	4	-1280	-1024	-1.000	-1.000	-1.000	-1.000	4
1324	67	-1280	-1024	-1.000	-1.000	-1.000	-1.000	4	-1280	-1024	-1.000	-1.000	-1.000	-1.000	4
1344	68	-1280	-1024	-1.000	-1.000	-1.000	-1.000	4	-1280	-1024	-1.000	-1.000	-1.000	-1.000	4
1364	69	-1280	-1024	0.641	0.591	-1.000	-1.000	4	-1280	-1024	0.438	0.574	-1.000	-1.000	4
1384	70	283	192	0.641	0.592	824.903	2.988	0	248	274	0.439	0.574	819.109	2.879	0
1404	71	-1280	-1024	-1.000	-1.000	-1.000	-1.000	4	-1280	-1024	-1.000	-1.000	-1.000	-1.000	4
1424	72	314	55	0.641	0.592	824.903	2.994	0	300	236	0.438	0.574	819.109	3.169	0
1444	73	326	190	0.641	0.591	824.903	2.909	0	241	243	0.439	0.573	819.109	2.834	0
1463	74	308	146	0.641	0.591	824.092	2.900	0	222	221	0.439	0.573	821.183	2.933	0
1483	75	335	218	0.641	0.591	824.092	2.761	0	272	242	0.439	0.573	821.183	2.939	0
1503	76	308	203	0.641	0.591	824.092	2.858	0	226	209	0.439	0.573	821.183	2.934	0
1523	77	313	243	0.641	0.591	824.092	2.913	0	251	220	0.439	0.573	821.183	2.942	0
1543	78	400	201	0.642	0.591	824.092	2.881	0	216	175	0.439	0.573	821.183	2.842	0
1563	79	383	199	0.641	0.590	830.627	2.930	0	217	172	0.439	0.573	818.825	2.825	0
1583	80	253	81	0.642	0.590	830.627	2.910	0	226	123	0.440	0.572	818.825	3.137	0
1603	81	261	71	0.641	0.590	830.627	3.033	0	252	80	0.439	0.572	818.825	3.101	0
1623	82	305	71	0.641	0.590	830.627	2.993	0	279	106	0.439	0.572	818.825	3.285	0
1643	83	299	123	0.642	0.590	830.627	2.941	0	230	66	0.439	0.572	818.825	3.231	0
1663	84	290	101	0.642	0.590	839.119	3.025	0	232	75	0.440	0.572	816.919	3.260	0
1683	85	323	164	0.643	0.590	839.119	3.282	0	233	155	0.440	0.572	816.919	3.184	0
1703	86	279	65	0.642	0.590	839.119	3.257	0	173	90	0.440	0.572	816.919	2.927	0
1723	87	-1280	-1024	-1.000	-1.000	-1.000	-1.000	4	-1280	-1024	-1.000	-1.000	-1.000	-1.000	4
1743	88	301	-3	0.643	0.590	839.119	3.183	0	190	101	0.440	0.572	816.919	3.129	0
1763	89	311	-40	0.644	0.589	840.236	3.156	0	198	104	0.441	0.571	817.977	3.035	0
1783	90	288	109	0.645	0.590	840.236	3.232	0	217	144	0.442	0.571	817.977	3.226	0
1802	91	279	46	0.644	0.590	840.236	2.989	0	208	124	0.441	0.571	817.977	3.020	0
1822	92	282	60	0.644	0.590	840.236	3.122	0	187	59	0.442	0.571	817.977	3.167	0
1842	93	269	59	0.645	0.590	840.236	3.162	0	265	64	0.442	0.571	817.977	3.072	0
1862	94	267	62	0.645	0.589	838.761	3.062	0	195	58	0.443	0.570	817.581	3.137	0
1882	95	227	-4	0.645	0.590	838.761	3.077	0	210	130	0.443	0.571	817.581	3.241	0
1902	96	160	62	0.645	0.590	838.761	3.005	0	202	189	0.442	0.571	817.581	3.139	0
1922	97	118	126	0.644	0.590	838.761	3.199	0	149	164	0.442	0.571	817.581	3.215	0
1942	98	104	126	0.644	0.590	838.761	3.021	0	93	53	0.442	0.571	817.581	3.052	0
1962	99	98	149	0.645	0.589	828.997	3.055	0	35	64	0.442	0.571	818.699	3.052	0
1982	100	-1280	-1024	-1.000	-1.000	-1.000	-1.000	4	-1280	-1024	-1.000	-1.000	-1.000	-1.000	4
2002	101	-1280	-1024	-1.000	-1.000	-1.000	-1.000	4	-1280	-1024	-1.000	-1.000	-1.000	-1.000	4
2022	102	-1280	-1024	-1.000	-1.000	-1.000	-1.000	4	-1280	-1024	-1.000	-1.000	-1.000	-1.000	4
2042	103	-1280	-1024	-1.000	-1.000	-1.000	-1.000	4	-1280	-1024	-1.000	-1.000	-1.000	-1.000	4
2062	104	-1280	-1024	0.644	0.589	-1.000	-1.000	4	-1280	-1024	0.442	0.571	-1.000	-1.000	4
2082	105	172	193	0.644	0.589	827.472	2.977	0	140	168	0.441	0.571	818.234	3.000	0
2101	106	-1280	-1024	-1.000	-1.000	-1.000	-1.000	4	-1280	-1024	-1.000	-1.000	-1.000	-1.000	4
2121	107	342	525	0.640	0.593	827.472	3.130	0	326	762	0.439	0.574	818.234	3.441	0
2141	108	-1280	-1024	-1.000	-1.000	-1.000	-1.000	4	-1280	-1024	-1.000	-1.000	-1.000	-1.000	4
2161	109	-1280	-1024	0.641	0.593	-1.000	-1.000	4	-1280	-1024	0.439	0.574	-1.000	-1.000	4
2181	110	333	626	0.641	0.593	839.182	3.210	0	331	635	0.439	0.574	828.251	3.202	0
2201	111	326	555	0.640	0.593	839.182	3.049	0	340	668	0.438	0.574	828.251	3.322	0
2221	112	378	741	0.640	0.593	839.182	3.345	0	347	643	0.438	0.574	828.251	3.243	0
2241	113	290	551	0.640	0.593	839.182	3.163	0	290	640	0.438	0.574	828.251	3.023	0
2261	114	297	621	0.641	0.594	830.510	3.120	0	274	648	0.439	0.575	829.617	3.053	0
2281	115	396	619	0.641	0.594	830.510	3.203	0	335	751	0.439	0.575	829.617	3.340	0
2301	116	360	566	0.641	0.594	830.510	3.362	0	308	662	0.438	0.575	829.617	3.241	0
2321	117	368	559	0.641	0.594	830.510	3.213	0	332	516	0.438	0.575	829.617	3.332	0
2341	118	419	454	0.639	0.594	830.510	3.021	0	423	614	0.437	0.575	829.617	3.231	0
2361	119	343	411	0.640	0.594	830.992	3.050	0	356	544	0.438	0.576	832.203	3.268	0
2381	120	450	477	0.640	0.595	830.992	2.954	0	425	761	0.438	0.576	832.203	3.524	0
2401	121	454	633	0.639	0.595	830.992	3.113	0	393	719	0.437	0.576	832.203	3.075	0
2420	122	483	507	0.640	0.595	830.992	2.865	0	408	719	0.438	0.576	832.203	3.321	0
2440	123	443	548	0.640	0.595	830.992	3.119	0	447	738	0.438	0.576	832.203	3.575	0
2460	124	450	601	0.642	0.595	830.687	3.038	0	472	712	0.440	0.576	835.482	3.429	0
2480	125	426	556	0.642	0.595	830.687	3.143	0	451	610	0.440	0.576	835.482	3.253	0
2500	126	402	657	0.642	0.595	830.687	3.361	0	474	654	0.440	0.576	835.482	3.386	0
2520	127	615	609	0.642	0.595	830.687	3.243	0	-1280	-1024	0.642	0.595	-1.000	-1.000	4
2540	128	-1280	-1024	-1.000	-1.000	-1.000	-1.000	4	-1280	-1024	-1.000	-1.000	-1.000	-1.000	4
2560	129	-1280	-1024	-1.000	-1.000	-1.000	-1.000	4	-1280	-1024	-1.000	-1.000	-1.000	-1.000	4
2580	130	-1280	-1024	-1.000	-1.000	-1.000	-1.000	4	-1280	-1024	-1.000	-1.000	-1.000	-1.000	4
2600	131	-1280	-1024	-1.000	-1.000	-1.000	-1.000	4	-1280	-1024	-1.000	-1.000	-1.000	-1.000	4
2620	132	-1280	-1024	-1.000	-1.000	-1.000	-1.000	4	-1280	-1024	-1.000	-1.000	-1.000	-1.000	4
2640	133	-1280	-1024	-1.000	-1.000	-1.000	-1.000	4	-1280	-1024	-1.000	-1.000	-1.000	-1.000	4
2660	134	1014	451	0.645	0.596	830.687	3.571	0	-1280	-1024	0.645	0.596	-1.000	-1.000	4
2680	135	1016	449	0.646	0.597	832.016	3.576	0	-1280	-1024	0.445	0.576	-1.000	-1.000	4
2700	136	1023	685	0.647	0.597	832.016	3.367	0	1084	537	0.446	0.576	841.414	3.467	0
2720	137	-1280	-1024	0.447	0.576	-1.000	-1.000	4	1026	577	0.447	0.576	841.414	3.676	0
2739	138	1010	553	0.649	0.598	832.016	3.166	0	1049	649	0.448	0.576	841.414	3.663	0
2759	139	1017	606	0.650	0.598	832.016	3.205	0	1025	675	0.448	0.577	841.414	3.256	0
2779	140	1016	609	0.649	0.598	829.487	3.195	0	1034	695	0.447	0.577	846.959	3.362	0
2799	141	1011	655	0.649	0.598	829.487	3.301	0	964	761	0.448	0.576	846.959	3.343	0
2819	142	1008	654	0.650	0.598	829.487	3.312	0	1007	676	0.448	0.576	846.959	3.154	0
2839	143	1037	569	0.651	0.598	829.487	3.074	0	1040	622	0.449	0.577	846.959	3.173	0
2859	144	1068	479	0.651	0.598	829.487	3.038	0	997	657	0.449	0.576	846.959	3.222	0
2879	145	1101	439	0.650	0.598	830.991	3.007	0	1003	638	0.448	0.576	842.885	3.236	0
2899	146	911	707	0.649	0.598	830.991	3.623	0	973	665	0.448	0.576	842.885	3.210	0
2919	147	991	571	0.650	0.597	830.991	3.502	0	996	639	0.448	0.576	842.885	3.269	0
2939	148	967	526	0.650	0.597	830.991	3.421	0	1017	571	0.448	0.576	842.885	3.127	0
2959	149	-1280	-1024	0.448	0.576	-1.000	-1.000	4	948	675	0.448	0.576	842.885	3.224	0
2979	150	-1280	-1024	0.649	0.597	-1.000	-1.000	4	940	643	0.446	0.576	845.911	3.231	0
2999	151	1023	588	0.648	0.597	835.261	3.153	0	932	677	0.446	0.576	845.911	3.300	0
3019	152	939	669	0.649	0.597	835.261	3.424	0	986	691	0.447	0.576	845.911	3.293	0
3039	153	1115	506	0.648	0.597	835.261	2.970	0	1031	554	0.446	0.576	845.911	3.272	0
3059	154	990	520	0.648	0.597	835.261	2.977	0	942	738	0.446	0.577	845.911	3.338	0
3079	155	1054	531	0.647	0.598	831.208	2.971	0	941	719	0.445	0.577	842.986	3.321	0
3098	156	979	544	0.647	0.598	831.208	3.026	0	984	684	0.444	0.577	842.986	3.370	0
3118	157	1021	605	0.647	0.598	831.208	3.230	0	935	709	0.445	0.577	842.986	3.520	0
3138	158	1006	479	0.647	0.598	831.208	3.035	0	988	581	0.444	0.577	842.986	3.283	0
3158	159	1046	597	0.647	0.598	831.208	3.059	0	981	700	0.444	0.577	842.986	3.249	0
3178	160	1049	552	0.645	0.598	831.687	3.117	0	973	651	0.443	0.578	846.732	3.228	0
3198	161	976	625	0.645	0.598	831.687	3.198	0	1001	640	0.442	0.578	846.732	3.269	0
3218	162	947	645	0.645	0.598	831.687	3.517	0	986	647	0.443	0.578	846.732	3.338	0
3238	163	912	734	0.644	0.598	831.687	3.734	0	982	655	0.442	0.578	846.732	3.320	0
3258	164	966	608	0.644	0.598	831.687	3.291	0	955	669	0.442	0.578	846.732	3.278	0
3278	165	960	640	0.643	0.598	830.524	3.507	0	942	683	0.441	0.578	839.875	3.282	0
3298	166	1066	533	0.643	0.597	830.524	3.052	0	960	710	0.440	0.578	839.875	3.266	0
3318	167	812	566	0.645	0.597	830.524	3.231	0	883	741	0.442	0.578	839.875	3.473	0
3338	168	736	574	0.645	0.597	830.524	3.188	0	701	594	0.443	0.577	839.875	3.353	0
3358	169	714	539	0.645	0.597	830.524	3.207	0	687	587	0.443	0.577	839.875	3.120	0
3378	170	690	542	0.644	0.597	838.636	3.215	0	674	584	0.442	0.578	836.152	3.168	0
3398	171	750	513	0.644	0.597	838.636	3.015	0	739	627	0.442	0.578	836.152	3.219	0
3417	172	744	542	0.644	0.597	838.636	3.135	0	732	667	0.442	0.578	836.152	3.402	0
3437	173	781	489	0.644	0.597	838.636	3.185	0	699	586	0.442	0.578	836.152	3.322	0
3457	174	755	481	0.644	0.597	838.636	3.030	0	688	645	0.442	0.578	836.152	3.299	0
3477	175	772	470	0.643	0.597	839.703	3.108	0	675	638	0.441	0.578	843.688	3.305	0
3497	176	744	573	0.643	0.596	839.703	3.261	0	668	612	0.441	0.578	843.688	3.211	0
3517	177	721	608	0.644	0.595	839.703	3.344	0	664	579	0.442	0.578	843.688	3.406	0
3537	178	741	559	0.643	0.594	839.703	3.251	0	721	595	0.441	0.578	843.688	3.359	0
3557	179	745	415	0.642	0.591	839.703	3.044	0	725	687	0.440	0.578	843.688	3.353	0
3577	180	754	411	0.639	0.588	836.798	3.034	0	731	683	0.436	0.578	841.049	3.337	0
3597	181	672	511	0.635	0.585	836.798	3.591	0	695	607	0.433	0.578	841.049	3.204	0
3617	182	756	615	0.631	0.580	836.798	3.473	0	806	615	0.429	0.579	841.049	3.280	0
3637	183	836	435	0.625	0.576	836.798	3.125	0	792	739	0.424	0.581	841.049	3.408	0
3657	184	711	457	0.618	0.572	836.798	3.454	0	-1280	-1024	0.618	0.572	-1.000	-1.000	4
3677	185	-1280	-1024	-1.000	-1.000	-1.000	-1.000	4	-1280	-1024	-1.000	-1.000	-1.000	-1.000	4
3697	186	-1280	-1024	-1.000	-1.000	-1.000	-1.000	4	-1280	-1024	-1.000	-1.000	-1.000	-1.000	4
3717	187	-1280	-1024	-1.000	-1.000	-1.000	-1.000	4	-1280	-1024	-1.000	-1.000	-1.000	-1.000	4
3736	188	-1280	-1024	-1.000	-1.000	-1.000	-1.000	4	-1280	-1024	-1.000	-1.000	-1.000	-1.000	4
3756	189	-1280	-1024	-1.000	-1.000	-1.000	-1.000	4	-1280	-1024	-1.000	-1.000	-1.000	-1.000	4
3776	190	-1280	-1024	-1.000	-1.000	-1.000	-1.000	4	-1280	-1024	-1.000	-1.000	-1.000	-1.000	4
3796	191	-1280	-1024	0.367	0.614	-1.000	-1.000	4	-1280	-1024	0.367	0.614	-1.000	-1.000	4
3816	192	-1280	-1024	-1.000	-1.000	-1.000	-1.000	4	-1280	-1024	-1.000	-1.000	-1.000	-1.000	4
3836	193	671	144	0.544	0.557	827.213	3.485	0	610	83	0.354	0.622	827.213	3.239	0
3856	194	596	91	0.539	0.558	827.213	3.130	0	-1280	-1024	0.539	0.558	-1.000	-1.000	4
3876	195	-1280	-1024	0.346	0.629	-1.000	-1.000	4	627	206	0.346	0.629	827.213	3.111	0
3896	196	-1280	-1024	0.529	0.560	-1.000	-1.000	4	626	181	0.342	0.631	838.252	3.152	0
3916	197	424	650	0.526	0.561	831.614	11.322	0	-1280	-1024	0.526	0.561	-1.000	-1.000	4
3936	198	-1280	-1024	-1.000	-1.000	-1.000	-1.000	4	-1280	-1024	-1.000	-1.000	-1.000	-1.000	4
3956	199	-1280	-1024	-1.000	-1.000	-1.000	-1.000	4	-1280	-1024	-1.000	-1.000	-1.000	-1.000	4
3976	200	-1280	-1024	-1.000	-1.000	-1.000	-1.000	4	-1280	-1024	-1.000	-1.000	-1.000	-1.000	4
3996	201	-1280	-1024	0.521	0.566	-1.000	-1.000	4	-1280	-1024	0.335	0.637	-1.000	-1.000	4
4016	202	-1280	-1024	-1.000	-1.000	-1.000	-1.000	4	-1280	-1024	-1.000	-1.000	-1.000	-1.000	4
4035	203	-1280	-1024	0.334	0.638	-1.000	-1.000	4	572	232	0.334	0.638	846.245	3.679	0
4055	204	611	137	0.522	0.571	837.998	3.207	0	655	-6	0.335	0.639	846.245	4.270	0
4075	205	597	78	0.523	0.574	837.998	3.214	0	595	117	0.336	0.640	846.245	3.568	0
4095	206	599	68	0.526	0.575	842.144	3.230	0	629	5	0.338	0.641	843.791	3.717	0
4115	207	481	85	0.528	0.577	842.144	3.187	0	452	73	0.340	0.643	843.791	3.262	0
4135	208	454	36	0.528	0.579	842.144	3.222	0	-1280	-1024	0.528	0.579	-1.000	-1.000	4
4155	209	461	76	0.529	0.580	842.144	3.288	0	522	81	0.340	0.645	843.791	3.825	0
4175	210	439	41	0.529	0.581	842.144	3.162	0	462	76	0.341	0.645	843.791	3.425	0
4195	211	436	50	0.531	0.581	844.833	3.204	0	462	67	0.342	0.645	847.311	3.439	0
4215	212	460	42	0.532	0.581	844.833	3.259	0	433	84	0.343	0.644	847.311	3.403	0
4235	213	441	104	0.532	0.581	844.833	3.216	0	483	73	0.343	0.643	847.311	3.600	0
4255	214	408	105	0.533	0.580	844.833	3.340	0	400	38	0.343	0.642	847.311	3.722	0
4275	215	395	62	0.533	0.579	844.833	3.331	0	446	30	0.343	0.641	847.311	3.555	0
4295	216	381	86	0.535	0.578	848.637	3.336	0	405	15	0.345	0.639	847.793	3.582	0
4315	217	416	17	0.535	0.577	848.637	3.319	0	444	52	0.345	0.637	847.793	3.826	0
4335	218	455	67	0.535	0.575	848.637	3.271	0	400	85	0.344	0.636	847.793	3.565	0
4354	219	436	-48	0.535	0.573	848.637	3.528	0	390	9	0.344	0.634	847.793	3.434	0
4374	220	392	61	0.534	0.572	848.637	3.648	0	477	118	0.343	0.633	847.793	3.565	0
4394	221	365	31	0.535	0.570	844.455	3.698	0	385	102	0.344	0.632	845.968	3.514	0
4414	222	435	48	0.535	0.569	844.455	3.390	0	444	106	0.343	0.630	845.968	3.772	0
4434	223	514	33	0.534	0.567	844.455	3.038	0	423	154	0.342	0.629	845.968	3.400	0
4454	224	451	16	0.534	0.566	844.455	3.347	0	413	153	0.342	0.627	845.968	3.393	0
4474	225	450	43	0.535	0.563	844.455	3.301	0	486	13	0.343	0.624	845.968	3.636	0
4494	226	449	33	0.539	0.561	843.048	3.190	0	409	44	0.345	0.619	838.803	3.408	0
4514	227	466	41	0.541	0.560	843.048	3.165	0	418	101	0.347	0.616	838.803	3.290	0
4534	228	426	54	0.544	0.559	843.048	3.272	0	416	82	0.349	0.613	838.803	3.514	0
4554	229	405	4	0.548	0.557	843.048	3.370	0	452	64	0.352	0.609	838.803	3.643	0
4574	230	450	69	0.551	0.556	843.048	3.415	0	476	20	0.354	0.605	838.803	3.624	0
4594	231	450	85	0.556	0.554	831.456	3.412	0	423	25	0.358	0.601	827.735	3.558	0
4614	232	477	99	0.559	0.552	831.456	3.221	0	407	108	0.361	0.597	827.735	3.435	0
4634	233	526	-1	0.562	0.552	831.456	3.196	0	462	197	0.363	0.595	827.735	3.706	0
4654	234	513	5	0.566	0.552	831.456	3.411	0	451	26	0.366	0.593	827.735	3.484	0
4673	235	520	8	0.571	0.552	831.456	3.527	0	491	91	0.370	0.590	827.735	3.438	0
4693	236	512	19	0.576	0.551	828.500	3.581	0	458	102	0.375	0.587	822.199	3.495	0
4713	237	543	138	0.582	0.551	828.500	3.278	0	528	82	0.380	0.583	822.199	3.378	0
4733	238	529	59	0.586	0.550	828.500	3.451	0	485	108	0.384	0.580	822.199	3.493	0
4753	239	537	62	0.592	0.550	828.500	3.147	0	499	72	0.390	0.577	822.199	3.709	0
4773	240	491	109	0.598	0.551	828.500	3.345	0	468	142	0.395	0.575	822.199	3.307	0
4793	241	480	82	0.604	0.551	822.383	3.336	0	465	162	0.400	0.574	813.584	3.377	0
4813	242	559	92	0.608	0.552	822.383	3.127	0	490	91	0.405	0.573	813.584	3.430	0
4833	243	510	51	0.611	0.553	822.383	3.237	0	475	105	0.407	0.572	813.584	3.271	0
4853	244	523	51	0.615	0.552	822.383	3.414	0	430	69	0.410	0.570	813.584	3.422	0
4873	245	524	44	0.617	0.552	822.383	3.444	0	529	81	0.412	0.570	813.584	3.481	0
4893	246	524	50	0.619	0.553	819.099	3.461	0	459	84	0.414	0.571	810.674	3.431	0
4913	247	499	9	0.619	0.554	819.099	3.407	0	457	75	0.415	0.572	810.674	3.441	0
4933	248	450	91	0.619	0.555	819.099	3.307	0	453	174	0.415	0.574	810.674	3.366	0
4953	249	360	437	0.619	0.557	819.099	3.345	0	337	566	0.415	0.577	810.674	3.699	0
4973	250	381	688	0.618	0.559	819.099	3.651	0	298	775	0.415	0.579	810.674	3.576	0
4992	251	401	877	0.618	0.559	824.081	3.652	0	252	988	0.415	0.580	822.916	3.686	0
5012	252	323	519	0.618	0.560	824.081	3.315	0	342	748	0.414	0.581	822.916	3.572	0
5032	253	319	527	0.616	0.561	824.081	3.343	0	370	575	0.413	0.582	822.916	3.540	0
5052	254	343	588	0.616	0.562	824.081	3.685	0	341	662	0.413	0.583	822.916	3.591	0
5072	255	338	558	0.616	0.563	824.081	3.393	0	372	642	0.412	0.584	822.916	3.536	0
5092	256	331	572	0.616	0.563	831.185	3.554	0	365	618	0.413	0.584	825.963	3.565	0
5112	257	349	601	0.616	0.563	831.185	3.346	0	333	699	0.413	0.584	825.963	3.503	0
5132	258	319	584	0.615	0.564	831.185	3.270	0	345	613	0.412	0.584	825.963	3.749	0
5152	259	459	573	0.615	0.564	831.185	3.250	0	394	637	0.412	0.585	825.963	3.495	0
5172	260	416	574	0.615	0.565	831.185	3.254	0	405	696	0.411	0.586	825.963	3.423	0
5192	261	378	575	0.615	0.566	830.261	3.254	0	420	653	0.412	0.586	830.173	3.493	0
5212	262	360	548	0.615	0.566	830.261	3.296	0	389	757	0.412	0.587	830.173	3.597	0
5232	263	395	573	0.614	0.566	830.261	3.491	0	373	670	0.411	0.587	830.173	3.367	0
5252	264	391	586	0.614	0.567	830.261	3.530	0	412	785	0.411	0.587	830.173	4.033	0
5272	265	389	599	0.614	0.567	830.261	3.523	0	470	663	0.411	0.588	830.173	3.565	0
5292	266	386	609	0.614	0.568	832.772	3.527	0	409	695	0.412	0.588	831.308	3.618	0
5311	267	429	517	0.614	0.568	832.772	3.340	0	396	651	0.411	0.589	831.308	3.649	0
5331	268	408	695	0.613	0.568	832.772	3.514	0	447	580	0.410	0.589	831.308	3.613	0
5351	269	450	522	0.612	0.568	832.772	3.137	0	399	718	0.410	0.589	831.308	3.366	0
5371	270	393	571	0.612	0.568	832.772	3.292	0	434	629	0.409	0.589	831.308	3.502	0
5391	271	402	619	0.612	0.568	834.712	3.288	0	415	623	0.410	0.588	832.895	3.417	0
5411	272	381	372	0.612	0.567	834.712	3.208	0	457	396	0.410	0.587	832.895	3.585	0
5431	273	296	209	0.611	0.565	834.712	3.097	0	303	195	0.409	0.586	832.895	3.314	0
5451	274	277	149	0.610	0.564	834.712	3.135	0	304	142	0.409	0.586	832.895	3.567	0
5471	275	240	150	0.610	0.564	834.712	3.227	0	283	161	0.408	0.586	832.895	3.329	0
5491	276	215	152	0.610	0.564	835.064	3.184	0	278	155	0.408	0.586	823.269	3.379	0
5511	277	263	219	0.610	0.565	835.064	3.413	0	-1280	-1024	0.610	0.565	-1.000	-1.000	4
5531	278	251	136	0.608	0.565	835.064	3.263	0	246	211	0.407	0.587	823.269	3.275	0
5551	279	257	139	0.608	0.566	835.064	2.950	0	294	180	0.407	0.588	823.269	3.433	0
5571	280	242	189	0.608	0.566	835.064	3.352	0	282	87	0.406	0.589	823.269	3.356	0
5591	281	244	162	0.609	0.566	827.885	3.166	0	268	33	0.407	0.589	822.714	3.433	0
5611	282	220	187	0.609	0.566	827.885	3.196	0	250	241	0.407	0.589	822.714	3.266	0
5630	283	266	137	0.608	0.567	827.885	3.513	0	308	188	0.406	0.589	822.714	3.309	0
5650	284	263	191	0.608	0.567	827.885	3.038	0	232	191	0.407	0.589	822.714	3.096	0
5670	285	271	219	0.608	0.566	827.885	3.090	0	270	193	0.407	0.588	822.714	3.294	0
5690	286	271	200	0.610	0.566	832.215	3.137	0	229	175	0.408	0.588	828.917	3.241	0
5710	287	324	304	0.609	0.566	832.215	3.505	0	280	147	0.408	0.588	828.917	3.512	0
5730	288	-1280	-1024	0.407	0.587	-1.000	-1.000	4	271	259	0.407	0.587	828.917	3.508	0
5750	289	262	174	0.609	0.565	832.215	3.170	0	240	292	0.407	0.587	828.917	3.653	0
5770	290	256	238	0.609	0.565	832.215	3.126	0	282	263	0.407	0.587	828.917	3.321	0
5790	291	257	244	0.610	0.565	829.527	3.116	0	275	276	0.407	0.587	828.481	3.338	0
5810	292	283	297	0.609	0.565	829.527	3.425	0	253	257	0.407	0.587	828.481	3.447	0
5830	293	293	257	0.608	0.565	829.527	3.294	0	211	317	0.406	0.587	828.481	3.384	0
5850	294	283	260	0.608	0.565	829.527	3.280	0	280	220	0.406	0.587	828.481	3.595	0
5870	295	313	286	0.608	0.565	829.527	3.401	0	258	253	0.406	0.587	828.481	3.157	0
5890	296	315	255	0.609	0.565	835.187	3.352	0	237	256	0.406	0.587	829.142	3.156	0
5910	297	307	264	0.608	0.565	835.187	3.307	0	274	197	0.406	0.587	829.142	3.478	0
5930	298	284	222	0.607	0.565	835.187	3.245	0	238	327	0.405	0.587	829.142	3.552	0
5949	299	244	206	0.607	0.565	835.187	3.418	0	289	238	0.405	0.587	829.142	3.477	0
5969	300	283	189	0.606	0.565	835.187	3.166	0	267	243	0.404	0.587	829.142	3.421	0
5989	301	269	171	0.607	0.565	836.172	3.201	0	291	252	0.405	0.587	828.090	3.430	0
6009	302	254	216	0.606	0.565	836.172	3.318	0	353	101	0.405	0.588	828.090	3.639	0
6029	303	303	250	0.605	0.566	836.172	3.375	0	291	244	0.403	0.588	828.090	3.404	0
6049	304	270	197	0.605	0.566	836.172	3.487	0	267	222	0.403	0.588	828.090	3.526	0
6069	305	250	225	0.605	0.566	836.172	3.387	0	255	284	0.403	0.588	828.090	3.397	0
6089	306	233	241	0.606	0.566	830.043	3.403	0	245	294	0.404	0.588	826.406	3.428	0
6109	307	284	254	0.606	0.566	830.043	3.404	0	308	230	0.404	0.588	826.406	3.677	0
6129	308	311	293	0.605	0.566	830.043	3.225	0	320	248	0.403	0.588	826.406	3.549	0
6149	309	288	240	0.605	0.567	830.043	3.296	0	313	206	0.403	0.588	826.406	3.816	0
6169	310	334	278	0.605	0.567	830.043	3.408	0	226	308	0.402	0.588	826.406	3.465	0
6189	311	334	257	0.605	0.566	829.639	3.335	0	191	310	0.403	0.588	826.789	3.527	0
6209	312	272	270	0.605	0.566	829.639	3.285	0	244	289	0.403	0.588	826.789	3.408	0
6229	313	254	246	0.604	0.566	829.639	3.307	0	275	200	0.402	0.588	826.789	3.498	0
6249	314	243	200	0.603	0.566	829.639	3.371	0	305	227	0.401	0.588	826.789	3.538	0
6268	315	237	201	0.603	0.566	829.639	3.496	0	342	236	0.401	0.588	826.789	3.677	0
6288	316	229	196	0.603	0.566	832.616	3.552	0	307	244	0.401	0.588	825.394	3.744	0
6308	317	291	253	0.603	0.566	832.616	3.493	0	274	260	0.401	0.588	825.394	3.586	0
6328	318	292	287	0.601	0.566	832.616	3.461	0	314	269	0.399	0.588	825.394	3.427	0
6348	319	262	308	0.601	0.565	832.616	3.484	0	255	239	0.399	0.588	825.394	3.371	0
6368	320	214	183	0.600	0.565	832.616	3.466	0	254	264	0.398	0.588	825.394	3.498	0
6388	321	180	206	0.601	0.565	828.753	3.459	0	253	247	0.399	0.588	828.982	3.412	0
6408	322	274	274	0.600	0.565	828.753	3.297	0	254	310	0.398	0.588	828.982	3.550	0
6428	323	336	241	0.599	0.565	828.753	3.258	0	198	348	0.397	0.588	828.982	3.641	0
6448	324	345	299	0.598	0.565	828.753	3.277	0	-1280	-1024	0.598	0.565	-1.000	-1.000	4
6468	325	-1280	-1024	-1.000	-1.000	-1.000	-1.000	4	-1280	-1024	-1.000	-1.000	-1.000	-1.000	4
6488	326	-1280	-1024	-1.000	-1.000	-1.000	-1.000	4	-1280	-1024	-1.000	-1.000	-1.000	-1.000	4
6508	327	-1280	-1024	-1.000	-1.000	-1.000	-1.000	4	-1280	-1024	-1.000	-1.000	-1.000	-1.000	4
6528	328	-1280	-1024	-1.000	-1.000	-1.000	-1.000	4	-1280	-1024	-1.000	-1.000	-1.000	-1.000	4
6548	329	-1280	-1024	-1.000	-1.000	-1.000	-1.000	4	-1280	-1024	-1.000	-1.000	-1.000	-1.000	4
6568	330	-1280	-1024	0.396	0.589	-1.000	-1.000	4	94	159	0.396	0.589	828.982	3.342	0
6587	331	127	82	0.598	0.566	828.753	3.598	0	67	332	0.396	0.589	828.982	4.035	0
6607	332	131	96	0.599	0.566	823.143	3.574	0	70	341	0.397	0.588	824.323	4.013	0
6627	333	159	188	0.600	0.565	823.143	3.603	0	64	192	0.397	0.588	824.323	3.303	0
6647	334	179	246	0.600	0.565	823.143	3.294	0	113	178	0.397	0.588	824.323	3.235	0
6667	335	90	206	0.598	0.565	823.143	3.475	0	122	158	0.395	0.588	824.323	3.476	0
6687	336	-1280	-1024	-1.000	-1.000	-1.000	-1.000	4	-1280	-1024	-1.000	-1.000	-1.000	-1.000	4
6707	337	-1280	-1024	0.598	0.565	-1.000	-1.000	4	-1280	-1024	0.395	0.588	-1.000	-1.000	4
6727	338	115	127	0.597	0.565	833.293	3.307	0	73	263	0.395	0.588	819.134	3.368	0
6747	339	154	188	0.596	0.565	833.293	3.220	0	105	265	0.393	0.588	819.134	3.432	0
6767	340	163	182	0.595	0.566	833.293	3.209	0	136	203	0.393	0.589	819.134	3.653	0
6787	341	97	167	0.595	0.566	833.293	3.263	0	126	329	0.392	0.589	819.134	3.460	0
6807	342	69	126	0.595	0.566	847.890	3.269	0	120	309	0.393	0.590	823.178	3.560	0
6827	343	114	191	0.594	0.566	847.890	3.445	0	143	268	0.392	0.590	823.178	3.547	0
6847	344	-1280	-1024	-1.000	-1.000	-1.000	-1.000	4	-1280	-1024	-1.000	-1.000	-1.000	-1.000	4
6867	345	-1280	-1024	-1.000	-1.000	-1.000	-1.000	4	-1280	-1024	-1.000	-1.000	-1.000	-1.000	4
6887	346	-1280	-1024	-1.000	-1.000	-1.000	-1.000	4	-1280	-1024	-1.000	-1.000	-1.000	-1.000	4
6906	347	-1280	-1024	0.594	0.566	-1.000	-1.000	4	-1280	-1024	0.391	0.591	-1.000	-1.000	4
6926	348	-1280	-1024	-1.000	-1.000	-1.000	-1.000	4	-1280	-1024	-1.000	-1.000	-1.000	-1.000	4
6946	349	-1280	-1024	-1.000	-1.000	-1.000	-1.000	4	-1280	-1024	-1.000	-1.000	-1.000	-1.000	4
6966	350	97	227	0.595	0.566	845.888	3.488	0	103	227	0.392	0.590	822.629	3.395	0
6986	351	156	220	0.594	0.566	845.888	3.422	0	63	247	0.392	0.589	822.629	3.273	0
7006	352	148	210	0.595	0.566	850.955	3.442	0	62	242	0.392	0.589	824.992	3.283	0
7026	353	-245	707	0.594	0.567	850.955	11.152	0	-1280	-1024	0.594	0.567	-1.000	-1.000	4
7046	354	-1280	-1024	-1.000	-1.000	-1.000	-1.000	4	-1280	-1024	-1.000	-1.000	-1.000	-1.000	4
7066	355	-208	677	0.593	0.567	850.955	11.607	0	-1280	-1024	0.593	0.567	-1.000	-1.000	4
7086	356	-143	676	0.593	0.567	850.955	11.322	0	-1280	-1024	0.593	0.567	-1.000	-1.000	4
7106	357	-173	675	0.592	0.567	847.394	11.445	0	-1280	-1024	0.390	0.590	-1.000	-1.000	4
7126	358	-1280	-1024	-1.000	-1.000	-1.000	-1.000	4	-1280	-1024	-1.000	-1.000	-1.000	-1.000	4
7146	359	-154	682	0.590	0.567	847.394	11.520	0	-1280	-1024	0.590	0.567	-1.000	-1.000	4
7166	360	-60	571	0.590	0.567	847.394	11.541	0	-1280	-1024	0.590	0.567	-1.000	-1.000	4
7186	361	-1280	-1024	-1.000	-1.000	-1.000	-1.000	4	-1280	-1024	-1.000	-1.000	-1.000	-1.000	4
7206	362	-1280	-1024	0.589	0.566	-1.000	-1.000	4	-1280	-1024	0.388	0.591	-1.000	-1.000	4
7225	363	110	197	0.589	0.566	834.803	3.236	0	149	254	0.388	0.591	823.739	3.288	0
7245	364	81	149	0.589	0.566	834.803	3.317	0	163	217	0.388	0.591	823.739	3.238	0
7265	365	265	242	0.590	0.566	834.803	3.206	0	150	228	0.388	0.590	823.739	3.221	0
7285	366	212	124	0.590	0.566	834.803	3.141	0	174	245	0.388	0.590	823.739	3.400	0
7305	367	204	144	0.590	0.566	833.122	3.140	0	176	236	0.388	0.590	820.167	3.366	0
7325	368	180	125	0.590	0.566	833.122	3.350	0	164	224	0.388	0.590	820.167	3.338	0
7345	369	323	72	0.591	0.565	833.122	3.125	0	263	76	0.389	0.589	820.167	3.265	0
7365	370	285	47	0.591	0.565	833.122	3.373	0	209	79	0.389	0.589	820.167	3.158	0
7385	371	327	50	0.591	0.565	833.122	3.233	0	258	112	0.389	0.589	820.167	3.306	0
7405	372	323	65	0.590	0.565	827.556	3.152	0	240	126	0.388	0.589	819.632	3.239	0
7425	373	286	9	0.590	0.565	827.556	3.341	0	276	71	0.387	0.589	819.632	3.292	0
7445	374	309	35	0.588	0.565	827.556	3.161	0	260	45	0.386	0.589	819.632	3.281	0
7465	375	271	79	0.588	0.565	827.556	3.147	0	296	77	0.386	0.589	819.632	3.780	0
7485	376	319	33	0.588	0.565	827.556	3.247	0	282	3	0.386	0.590	819.632	3.413	0
7505	377	312	63	0.589	0.565	821.170	3.122	0	301	5	0.386	0.590	817.942	3.535	0
7525	378	312	62	0.589	0.565	821.170	3.188	0	315	137	0.386	0.590	817.942	3.731	0
7545	379	318	83	0.588	0.566	821.170	3.249	0	293	105	0.386	0.590	817.942	3.473	0
7564	380	-1280	-1024	0.387	0.590	-1.000	-1.000	4	229	63	0.387	0.590	817.942	3.164	0
7584	381	362	45	0.588	0.566	821.170	3.257	0	316	85	0.386	0.590	817.942	3.406	0
7604	382	354	27	0.587	0.565	828.354	3.285	0	265	58	0.385	0.590	819.748	3.287	0
7624	383	434	65	0.588	0.565	828.354	3.287	0	428	70	0.386	0.590	819.748	3.229	0
7644	384	434	67	0.588	0.565	828.354	3.282	0	449	121	0.386	0.590	819.748	3.308	0
7664	385	414	89	0.588	0.565	828.354	3.224	0	441	84	0.386	0.589	819.748	3.385	0
7684	386	427	73	0.588	0.565	828.354	3.191	0	472	102	0.386	0.589	819.748	3.386	0
7704	387	421	82	0.588	0.565	827.324	3.162	0	475	79	0.386	0.589	821.400	3.395	0
7724	388	468	44	0.587	0.566	827.324	3.268	0	446	110	0.385	0.590	821.400	3.342	0
7744	389	424	116	0.587	0.566	827.324	3.246	0	437	88	0.385	0.590	821.400	3.241	0
7764	390	455	48	0.587	0.567	827.324	3.262	0	447	78	0.385	0.591	821.400	3.404	0
7784	391	473	14	0.587	0.567	827.324	3.252	0	446	112	0.385	0.591	821.400	3.239	0
7804	392	460	32	0.586	0.567	826.818	3.258	0	444	96	0.384	0.591	822.486	3.297	0
7824	393	-1280	-1024	-1.000	-1.000	-1.000	-1.000	4	-1280	-1024	-1.000	-1.000	-1.000	-1.000	4
7844	394	-1280	-1024	-1.000	-1.000	-1.000	-1.000	4	-1280	-1024	-1.000	-1.000	-1.000	-1.000	4
7864	395	-1280	-1024	-1.000	-1.000	-1.000	-1.000	4	-1280	-1024	-1.000	-1.000	-1.000	-1.000	4
7883	396	-1280	-1024	-1.000	-1.000	-1.000	-1.000	4	-1280	-1024	-1.000	-1.000	-1.000	-1.000	4
7903	397	-1280	-1024	0.584	0.566	-1.000	-1.000	4	-1280	-1024	0.382	0.591	-1.000	-1.000	4
7923	398	-1280	-1024	-1.000	-1.000	-1.000	-1.000	4	-1280	-1024	-1.000	-1.000	-1.000	-1.000	4
7943	399	-1280	-1024	-1.000	-1.000	-1.000	-1.000	4	-1280	-1024	-1.000	-1.000	-1.000	-1.000	4
7963	400	-1280	-1024	0.380	0.591	-1.000	-1.000	4	674	696	0.380	0.591	824.106	11.224	0
7983	401	-1280	-1024	-1.000	-1.000	-1.000	-1.000	4	-1280	-1024	-1.000	-1.000	-1.000	-1.000	4
8003	402	-1280	-1024	0.583	0.566	-1.000	-1.000	4	-1280	-1024	0.381	0.591	-1.000	-1.000	4
8023	403	611	18	0.583	0.567	831.483	3.295	0	569	68	0.382	0.591	824.673	3.317	0
8043	404	601	25	0.583	0.567	831.483	3.461	0	574	89	0.382	0.591	824.673	3.311	0
8063	405	620	56	0.583	0.567	831.483	3.272	0	605	100	0.381	0.591	824.673	3.370	0
8083	406	693	114	0.583	0.567	831.483	3.289	0	649	114	0.381	0.591	824.673	3.351	0
8103	407	703	124	0.583	0.567	835.146	3.339	0	662	114	0.381	0.591	828.931	3.383	0
8123	408	702	47	0.582	0.567	835.146	3.262	0	637	62	0.381	0.592	828.931	3.427	0
8143	409	628	74	0.582	0.567	835.146	3.385	0	630	114	0.380	0.592	828.931	3.269	0
8163	410	670	37	0.582	0.567	835.146	3.213	0	670	59	0.380	0.592	828.931	3.405	0
8183	411	687	56	0.582	0.566	835.146	3.184	0	670	86	0.380	0.591	828.931	3.324	0
8202	412	664	61	0.582	0.566	834.976	3.195	0	676	103	0.380	0.591	827.722	3.382	0
8222	413	717	36	0.582	0.566	834.976	3.231	0	636	116	0.380	0.591	827.722	3.258	0
8242	414	710	63	0.582	0.567	834.976	3.196	0	669	66	0.381	0.591	827.722	3.373	0
8262	415	723	70	0.582	0.567	834.976	3.197	0	685	77	0.381	0.591	827.722	3.459	0
8282	416	661	54	0.583	0.567	834.976	3.181	0	669	132	0.381	0.591	827.722	3.580	0
8302	417	657	63	0.584	0.567	830.908	3.161	0	676	121	0.383	0.592	823.571	3.659	0
8322	418	378	115	0.585	0.567	830.908	3.293	0	353	178	0.384	0.592	823.571	3.373	0
8342	419	364	68	0.585	0.567	830.908	3.226	0	339	136	0.383	0.592	823.571	3.347	0
8362	420	319	89	0.585	0.567	830.908	3.343	0	328	111	0.383	0.592	823.571	3.302	0
8382	421	382	113	0.585	0.567	830.908	3.189	0	342	118	0.383	0.592	823.571	3.373	0
8402	422	366	92	0.585	0.567	831.876	3.220	0	340	128	0.384	0.592	820.954	3.339	0
8422	423	378	143	0.585	0.567	831.876	3.195	0	335	121	0.384	0.592	820.954	3.250	0
8442	424	357	96	0.585	0.567	831.876	3.239	0	349	172	0.384	0.592	820.954	3.272	0
8462	425	376	107	0.586	0.567	831.876	3.244	0	346	157	0.384	0.592	820.954	3.193	0
8482	426	397	106	0.586	0.567	831.876	3.234	0	351	154	0.384	0.592	820.954	3.296	0
8501	427	391	100	0.586	0.567	834.152	3.242	0	350	150	0.384	0.592	821.188	3.278	0
8521	428	384	148	0.586	0.567	834.152	3.169	0	349	87	0.385	0.592	821.188	3.212	0
8541	429	381	127	0.587	0.567	834.152	3.081	0	361	78	0.385	0.592	821.188	3.317	0
8561	430	374	109	0.587	0.567	834.152	3.254	0	335	93	0.385	0.592	821.188	3.297	0
8581	431	375	90	0.587	0.567	834.152	3.062	0	355	130	0.385	0.591	821.188	3.238	0
8601	432	370	72	0.587	0.567	834.012	3.112	0	346	137	0.385	0.592	819.201	3.280	0
8621	433	352	71	0.587	0.567	834.012	3.269	0	355	159	0.385	0.592	819.201	3.163	0
8641	434	381	92	0.587	0.567	834.012	3.258	0	348	127	0.385	0.592	819.201	3.148	0
8661	435	381	103	0.587	0.567	834.012	3.166	0	368	154	0.386	0.592	819.201	3.166	0
8681	436	252	74	0.588	0.567	834.012	3.322	0	239	68	0.387	0.592	819.201	3.269	0
8701	437	261	103	0.589	0.567	827.222	3.271	0	232	61	0.387	0.592	818.627	3.272	0
8721	438	109	121	0.588	0.567	827.222	3.129	0	161	122	0.388	0.592	818.627	3.211	0
8741	439	99	121	0.588	0.567	827.222	3.131	0	150	105	0.388	0.592	818.627	3.234	0
8761	440	138	107	0.589	0.567	827.222	3.073	0	151	98	0.388	0.592	818.627	3.348	0
8781	441	133	122	0.589	0.567	827.222	3.080	0	153	114	0.388	0.592	818.627	3.129	0
8801	442	140	119	0.590	0.568	827.116	3.086	0	145	95	0.388	0.592	822.110	3.175	0
8820	443	113	158	0.589	0.568	827.116	3.165	0	149	79	0.389	0.592	822.110	3.327	0
8840	444	528	150	0.593	0.568	827.116	3.236	0	120	72	0.389	0.592	822.110	3.302	0
8860	445	111	140	0.589	0.568	827.116	3.184	0	128	123	0.388	0.592	822.110	3.204	0
8880	446	277	90	0.590	0.568	827.116	3.166	0	153	105	0.388	0.592	822.110	3.129	0
8900	447	377	48	0.590	0.567	839.146	3.234	0	141	115	0.388	0.591	822.452	3.077	0
8920	448	125	136	0.590	0.566	839.146	2.956	0	-1280	-1024	0.590	0.566	-1.000	-1.000	4
8940	449	-1280	-1024	-1.000	-1.000	-1.000	-1.000	4	-1280	-1024	-1.000	-1.000	-1.000	-1.000	4
8960	450	-1280	-1024	-1.000	-1.000	-1.000	-1.000	4	-1280	-1024	-1.000	-1.000	-1.000	-1.000	4
8980	451	-1280	-1024	-1.000	-1.000	-1.000	-1.000	4	-1280	-1024	-1.000	-1.000	-1.000	-1.000	4
9000	452	-1280	-1024	-1.000	-1.000	-1.000	-1.000	4	-1280	-1024	-1.000	-1.000	-1.000	-1.000	4
9020	453	-1280	-1024	-1.000	-1.000	-1.000	-1.000	4	-1280	-1024	-1.000	-1.000	-1.000	-1.000	4
9040	454	-1280	-1024	-1.000	-1.000	-1.000	-1.000	4	-1280	-1024	-1.000	-1.000	-1.000	-1.000	4
9060	455	-1280	-1024	0.387	0.591	-1.000	-1.000	4	-1280	-1024	0.387	0.591	-1.000	-1.000	4
9080	456	-1280	-1024	0.387	0.592	-1.000	-1.000	4	57	744	0.387	0.592	822.614	11.000	0
9100	457	145	44	0.588	0.567	822.614	3.543	0	-1280	-1024	0.588	0.567	-1.000	-1.000	4
9120	458	103	94	0.588	0.567	822.614	3.264	0	-1280	-1024	0.588	0.567	-1.000	-1.000	4
9140	459	-1280	-1024	-1.000	-1.000	-1.000	-1.000	4	-1280	-1024	-1.000	-1.000	-1.000	-1.000	4
9159	460	-1280	-1024	0.589	0.567	-1.000	-1.000	4	-1280	-1024	0.388	0.592	-1.000	-1.000	4
9179	461	-1280	-1024	-1.000	-1.000	-1.000	-1.000	4	-1280	-1024	-1.000	-1.000	-1.000	-1.000	4
9199	462	-1280	-1024	-1.000	-1.000	-1.000	-1.000	4	-1280	-1024	-1.000	-1.000	-1.000	-1.000	4
9219	463	-1280	-1024	-1.000	-1.000	-1.000	-1.000	4	-1280	-1024	-1.000	-1.000	-1.000	-1.000	4
9239	464	-1280	-1024	-1.000	-1.000	-1.000	-1.000	4	-1280	-1024	-1.000	-1.000	-1.000	-1.000	4
9259	465	-1280	-1024	0.589	0.567	-1.000	-1.000	4	-1280	-1024	0.388	0.592	-1.000	-1.000	4
9279	466	214	210	0.590	0.568	834.559	3.373	0	117	226	0.389	0.592	823.600	3.461	0
9299	467	130	252	0.589	0.568	834.559	3.401	0	-1280	-1024	0.589	0.568	-1.000	-1.000	4
9319	468	152	259	0.589	0.568	834.559	3.530	0	-1280	-1024	0.589	0.568	-1.000	-1.000	4
9339	469	99	163	0.589	0.568	834.559	3.247	0	161	358	0.388	0.592	823.600	3.489	0
9359	470	81	142	0.591	0.568	853.967	3.358	0	157	344	0.389	0.592	831.535	3.522	0
9379	471	159	282	0.591	0.568	853.967	3.565	0	92	168	0.389	0.593	831.535	3.203	0
9399	472	188	205	0.592	0.568	853.967	3.395	0	86	190	0.390	0.593	831.535	3.329	0
9419	473	116	159	0.590	0.568	853.967	3.564	0	121	205	0.389	0.592	831.535	3.687	0
9439	474	86	115	0.590	0.568	853.967	3.243	0	91	277	0.389	0.592	831.535	3.439	0
9458	475	68	109	0.591	0.567	837.904	3.189	0	64	299	0.390	0.592	831.190	3.593	0
9478	476	108	126	0.591	0.568	837.904	3.447	0	119	240	0.390	0.592	831.190	3.344	0
9498	477	146	233	0.590	0.568	837.904	3.271	0	86	190	0.389	0.592	831.190	3.448	0
9518	478	126	98	0.590	0.568	837.904	3.258	0	65	261	0.389	0.592	831.190	3.383	0
9538	479	135	155	0.590	0.568	837.904	3.251	0	121	270	0.389	0.592	831.190	3.502	0
9558	480	130	193	0.591	0.568	829.996	3.215	0	132	290	0.389	0.592	824.067	3.469	0
9578	481	-1280	-1024	-1.000	-1.000	-1.000	-1.000	4	-1280	-1024	-1.000	-1.000	-1.000	-1.000	4
9598	482	-1280	-1024	-1.000	-1.000	-1.000	-1.000	4	-1280	-1024	-1.000	-1.000	-1.000	-1.000	4
9618	483	-1280	-1024	-1.000	-1.000	-1.000	-1.000	4	-1280	-1024	-1.000	-1.000	-1.000	-1.000	4
9638	484	-1280	-1024	-1.000	-1.000	-1.000	-1.000	4	-1280	-1024	-1.000	-1.000	-1.000	-1.000	4
9658	485	-1280	-1024	0.590	0.568	-1.000	-1.000	4	-1280	-1024	0.388	0.592	-1.000	-1.000	4
9678	486	328	192	0.590	0.568	829.806	3.285	0	243	273	0.388	0.592	825.547	3.209	0
9698	487	-1280	-1024	-1.000	-1.000	-1.000	-1.000	4	-1280	-1024	-1.000	-1.000	-1.000	-1.000	4
9718	488	236	227	0.588	0.568	829.806	3.187	0	303	206	0.387	0.592	825.547	3.704	0
9738	489	282	235	0.588	0.568	829.806	3.097	0	255	229	0.387	0.593	825.547	3.309	0
9758	490	327	239	0.588	0.567	831.979	3.051	0	228	204	0.387	0.593	823.134	3.475	0
9777	491	229	203	0.588	0.568	831.979	3.147	0	247	234	0.387	0.593	823.134	3.297	0
9797	492	251	212	0.587	0.568	831.979	3.385	0	221	199	0.386	0.593	823.134	3.315	0
9817	493	248	237	0.587	0.568	831.979	3.103	0	239	212	0.386	0.593	823.134	3.466	0
9837	494	248	233	0.586	0.568	831.979	3.106	0	279	218	0.385	0.593	823.134	3.510	0
9857	495	250	236	0.588	0.567	828.410	3.096	0	211	215	0.386	0.593	823.639	3.556	0
9877	496	298	167	0.587	0.568	828.410	3.261	0	241	269	0.385	0.593	823.639	3.253	0
9897	497	417	215	0.588	0.568	828.410	3.123	0	181	251	0.386	0.593	823.639	3.213	0
9917	498	223	176	0.585	0.568	828.410	3.113	0	288	162	0.384	0.593	823.639	3.477	0
9937	499	247	206	0.585	0.568	828.410	3.119	0	216	222	0.384	0.593	823.639	3.248	0
9957	500	271	195	0.586	0.566	828.545	3.114	0	202	180	0.384	0.593	826.279	3.304	0
9977	501	202	188	0.585	0.568	828.545	3.106	0	231	173	0.384	0.593	826.279	3.188	0
9997	502	480	198	0.584	0.568	828.545	3.252	0	396	289	0.382	0.594	826.279	3.345	0
10017	503	674	469	0.581	0.570	828.545	3.344	0	648	562	0.380	0.595	826.279	3.537	0
10037	504	859	584	0.579	0.571	828.545	3.412	0	859	694	0.378	0.596	826.279	3.558	0
10057	505	1071	687	0.580	0.571	840.952	3.532	0	1025	814	0.379	0.596	843.073	3.651	0
10077	506	887	610	0.580	0.571	840.952	3.335	0	853	725	0.379	0.596	843.073	3.353	0
